
  2 |   4 |   7 |   1 |   2 |  90 |   4 |   2 |   5 |   1 |   2 |  48 | 

 0 <-- 2, --> 1

 1 <----> 1
Key Val  4 && return VAL :  1
Post I ---- 
  2 |   4 |   7 |   1 |   2 |  90 |   4 |   2 |   5 |   1 |   2 |  48 | 

 0 <-- 2,  4, --> 2

 2 <----> 2
Key Val  7 && return VAL :  2
Post I ---- 
  2 |   4 |   7 |   1 |   2 |  90 |   4 |   2 |   5 |   1 |   2 |  48 | 

 0 <-- 2,  4,  7, --> 3

 0 <----> 0
Key Val  1 && return VAL :  0

  2 |   4 |   7 |   7 |   2 |  90 |   4 |   2 |   5 |   1 |   2 |  48 | 

  2 |   4 |   4 |   7 |   2 |  90 |   4 |   2 |   5 |   1 |   2 |  48 | 

  2 |   2 |   4 |   7 |   2 |  90 |   4 |   2 |   5 |   1 |   2 |  48 | 
Post I ---- 
  1 |   2 |   4 |   7 |   2 |  90 |   4 |   2 |   5 |   1 |   2 |  48 | 

 0 <-- 1,  2,  4,  7, --> 4

 0 <-- 1, --> 1

 1 <----> 1
Key Val  2 && return VAL :  1

  1 |   2 |   4 |   7 |   7 |  90 |   4 |   2 |   5 |   1 |   2 |  48 | 

  1 |   2 |   4 |   4 |   7 |  90 |   4 |   2 |   5 |   1 |   2 |  48 | 
Post I ---- 
  1 |   2 |   4 |   4 |   7 |  90 |   4 |   2 |   5 |   1 |   2 |  48 | 

 0 <-- 1,  2,  4,  4,  7, --> 5

 3 <-- 4,  7, --> 5

 5 <----> 5
Key Val 90 && return VAL :  5
Post I ---- 
  1 |   2 |   4 |   4 |   7 |  90 |   4 |   2 |   5 |   1 |   2 |  48 | 

 0 <-- 1,  2,  4,  4,  7, 90, --> 6

 4 <-- 7, 90, --> 6

 4 <----> 4
Key Val  4 && return VAL :  4

  1 |   2 |   4 |   4 |   7 |  90 |  90 |   2 |   5 |   1 |   2 |  48 | 

  1 |   2 |   4 |   4 |   7 |   7 |  90 |   2 |   5 |   1 |   2 |  48 | 
Post I ---- 
  1 |   2 |   4 |   4 |   4 |   7 |  90 |   2 |   5 |   1 |   2 |  48 | 

 0 <-- 1,  2,  4,  4,  4,  7, 90, --> 7

 0 <-- 1,  2, --> 2

 2 <----> 2
Key Val  2 && return VAL :  2

  1 |   2 |   4 |   4 |   4 |   7 |  90 |  90 |   5 |   1 |   2 |  48 | 

  1 |   2 |   4 |   4 |   4 |   7 |   7 |  90 |   5 |   1 |   2 |  48 | 

  1 |   2 |   4 |   4 |   4 |   4 |   7 |  90 |   5 |   1 |   2 |  48 | 

  1 |   2 |   4 |   4 |   4 |   4 |   7 |  90 |   5 |   1 |   2 |  48 | 

  1 |   2 |   4 |   4 |   4 |   4 |   7 |  90 |   5 |   1 |   2 |  48 | 
Post I ---- 
  1 |   2 |   2 |   4 |   4 |   4 |   7 |  90 |   5 |   1 |   2 |  48 | 

 0 <-- 1,  2,  2,  4,  4,  4,  7, 90, --> 8

 5 <-- 4,  7, 90, --> 8

 5 <----> 5
Key Val  5 && return VAL :  6

  1 |   2 |   2 |   4 |   4 |   4 |   7 |  90 |  90 |   1 |   2 |  48 | 

  1 |   2 |   2 |   4 |   4 |   4 |   7 |   7 |  90 |   1 |   2 |  48 | 
Post I ---- 
  1 |   2 |   2 |   4 |   4 |   4 |   5 |   7 |  90 |   1 |   2 |  48 | 

 0 <-- 1,  2,  2,  4,  4,  4,  5,  7, 90, --> 9

 0 <-- 1,  2,  2, --> 3

 0 <----> 0
Key Val  1 && return VAL :  0

  1 |   2 |   2 |   4 |   4 |   4 |   5 |   7 |  90 |  90 |   2 |  48 | 

  1 |   2 |   2 |   4 |   4 |   4 |   5 |   7 |   7 |  90 |   2 |  48 | 

  1 |   2 |   2 |   4 |   4 |   4 |   5 |   5 |   7 |  90 |   2 |  48 | 

  1 |   2 |   2 |   4 |   4 |   4 |   4 |   5 |   7 |  90 |   2 |  48 | 

  1 |   2 |   2 |   4 |   4 |   4 |   4 |   5 |   7 |  90 |   2 |  48 | 

  1 |   2 |   2 |   4 |   4 |   4 |   4 |   5 |   7 |  90 |   2 |  48 | 

  1 |   2 |   2 |   2 |   4 |   4 |   4 |   5 |   7 |  90 |   2 |  48 | 

  1 |   2 |   2 |   2 |   4 |   4 |   4 |   5 |   7 |  90 |   2 |  48 | 
Post I ---- 
  1 |   2 |   2 |   2 |   4 |   4 |   4 |   5 |   7 |  90 |   2 |  48 | 

 0 <-- 1,  2,  2,  2,  4,  4,  4,  5,  7, 90, -->10

 0 <-- 1,  2,  2,  2, --> 4

 3 <-- 2, --> 4

 4 <----> 4
Key Val  2 && return VAL :  4

  1 |   2 |   2 |   2 |   4 |   4 |   4 |   5 |   7 |  90 |  90 |  48 | 

  1 |   2 |   2 |   2 |   4 |   4 |   4 |   5 |   7 |   7 |  90 |  48 | 

  1 |   2 |   2 |   2 |   4 |   4 |   4 |   5 |   5 |   7 |  90 |  48 | 

  1 |   2 |   2 |   2 |   4 |   4 |   4 |   4 |   5 |   7 |  90 |  48 | 

  1 |   2 |   2 |   2 |   4 |   4 |   4 |   4 |   5 |   7 |  90 |  48 | 

  1 |   2 |   2 |   2 |   4 |   4 |   4 |   4 |   5 |   7 |  90 |  48 | 
Post I ---- 
  1 |   2 |   2 |   2 |   2 |   4 |   4 |   4 |   5 |   7 |  90 |  48 | 

 0 <-- 1,  2,  2,  2,  2,  4,  4,  4,  5,  7, 90, -->11

 6 <-- 4,  4,  5,  7, 90, -->11

 9 <-- 7, 90, -->11

 9 <----> 9
Key Val 48 && return VAL : 10

  1 |   2 |   2 |   2 |   2 |   4 |   4 |   4 |   5 |   7 |  90 |  90 | 
Post I ---- 
  1 |   2 |   2 |   2 |   2 |   4 |   4 |   4 |   5 |   7 |  48 |  90 | 
